1 450.0421 0 34.842106
2 513.61053 0 32.957893
3 471.69473 0 35.168423
4 377.77896 0 35.252632
5 610.17896 0 27.694736
6 513.62103 0 33.126316
7 460.17896 0 32.23158
8 480.74738 0 33.757896
9 539.8 0 28.463158
10 532.6316 0 30.263159
11 511.17896 0 31.052631
12 493.57895 0 32.86316
13 558.0526 0 31.442104
14 492.34738 0 32.094738
15 678.96844 0 27.515789
16 428.62106 0 31.010527
17 586.6421 0 31.042105
18 388.2 0 31.505262
19 553.53687 0 27.11579
20 442.34738 0 30.747368
21 478.8421 0 34.821053
22 612.8842 0 28.673685
23 662.9579 0 30.073685
24 544.6316 0 31.852633
25 546.28424 0 35.010525
26 657.0421 0 34.2
27 537.4105 0 33.51579
28 767.81055 0 29.873684
29 809.0947 1 32.86316
30 592.49475 0 33.536842
31 652.4105 1 31.042105
32 721.1579 0 30.989473
33 848.5895 1 34.63158
34 665.6737 0 30.536842
35 733.13684 0 33.57895
36 554.45264 0 33.505264
37 512.1158 0 39.31579
38 437.06317 0 32.778946
39 496.9684 0 31.073685
40 574.61053 0 30.189474
41 475.7158 0 32.410526
42 635.4842 0 34.031578
43 522.53687 0 29.326315
44 579.22107 0 36.063156
45 460.61053 0 34.410526
46 768.6421 0 34.463158
47 485.57895 0 34.452633
48 1073.3053 4 36.094738
49 801.0 2 34.821053
50 1287.9579 2 39.063156
51 1468.2316 5 33.71579
52 1032.1052 1 35.242104
53 1349.2211 4 34.91579
54 1309.6 5 34.936844
55 1421.0526 8 42.05263
56 1358.3158 5 36.810528
57 1016.23157 1 35.505264
58 1400.6632 2 39.36842
59 1138.4105 3 36.473682
60 1358.2 4 37.505264
61 915.9158 0 31.189474
62 1509.0947 4 33.252632
63 998.61053 1 38.28421
64 1224.6632 2 31.842106
65 1438.7894 3 32.76842
66 1384.179 2 35.273685
67 1664.4421 7 40.063156
68 1319.5474 0 34.05263
69 1687.7579 3 41.126316
70 1821.1052 5 37.926315
71 1946.3368 5 38.2
72 1557.6 4 39.71579
73 1709.8737 3 35.831577
74 1517.7473 3 35.178947
75 1704.5369 4 36.831577
76 1652.5264 6 32.8
77 1748.4315 2 35.957893
78 1297.2106 4 30.989473
79 2159.3474 5 37.273685
80 1620.8737 4 34.63158
81 2083.379 9 40.073685
82 1547.6 4 35.978947
83 1626.2 3 35.08421
84 1326.3684 1 35.91579
85 1390.1895 2 33.76842
86 1557.0316 3 34.842106
87 1597.0105 2 38.726315
88 1515.1578 1 38.62105
89 1697.5685 2 29.16842
90 1560.6316 5 35.48421
91 1687.3895 2 33.42105
92 1417.8105 3 33.36842
93 1586.2316 3 31.463158
94 2245.6106 7 33.11579
95 1742.1895 3 31.957895
96 2232.9895 5 41.71579
97 1801.4315 3 35.294735
98 2167.842 8 37.42105
99 2563.8843 6 38.189472
100 1949.7368 1 35.978947
101 2638.9473 8 41.91579
102 2721.7053 5 37.221054
103 2343.5369 8 41.28421
104 2298.021 9 38.831577
105 2485.4 7 39.210526
106 2418.958 2 34.821053
107 1792.0421 3 38.821053
108 2838.8105 13 43.71579
109 2535.337 6 33.505264
110 2066.158 6 37.736843
111 2706.337 10 37.63158
112 2229.1052 7 41.68421
113 2978.4316 10 39.8
114 2449.958 7 40.978947
115 2650.1052 6 40.494736
116 1682.979 3 37.442104
117 2059.5054 2 36.463158
118 2429.7158 8 41.263157
119 3221.3474 10 42.789474
120 2342.7683 9 42.88421
121 2702.4421 9 40.28421
122 2330.642 9 35.86316
123 2250.9473 5 41.463158
124 2634.179 5 33.178947
125 2207.9895 4 40.2
126 2720.5684 8 34.37895
127 2339.2422 3 36.978947
128 2375.7683 5 38.894737
129 2636.1895 11 37.031578
130 2279.4526 4 37.62105
131 2410.9368 3 37.073685
132 2713.2104 8 40.6
133 2198.3474 8 41.526318
134 3316.842 12 40.28421
135 3002.0105 4 38.842106
136 3151.6736 11 43.473682
137 3096.1262 7 43.263157
138 3464.0842 7 45.463158
139 3407.179 10 44.536842
140 2726.7368 8 43.31579
141 3050.1685 12 47.757896
142 2546.842 9 43.326317
143 2288.5264 7 41.894737
144 2754.621 8 39.736843
145 2191.3052 7 36.88421
146 2449.5369 15 47.6
147 2457.4316 4 35.610527
148 2367.7263 9 49.85263
149 2847.3157 11 43.62105
150 2025.979 8 41.873684
151 2943.2737 10 40.56842
152 1628.7579 8 45.294735
153 2766.2422 8 43.2
154 3285.958 14 39.62105
155 2442.5264 10 39.37895
156 2035.6211 3 42.4
157 2658.2317 7 36.178947
158 2296.0842 3 32.757896
159 2794.2 6 35.757896
160 2169.9685 7 41.273685
161 2712.4736 9 39.94737
162 2603.1685 5 37.894737
163 2838.1475 10 41.463158
164 1942.3368 1 31.894737
165 3268.5894 9 42.357895
166 2479.2632 5 36.810528
167 2546.2527 3 38.252632
168 2470.5579 7 38.326317
169 2713.4316 7 33.326317
170 3022.5159 7 38.410526
171 2828.337 6 35.88421
172 2719.042 5 37.736843
173 2650.5894 8 37.063156
174 2462.221 3 36.968422
175 2126.4736 3 34.547367
176 2399.1262 8 41.56842
177 2405.2842 3 31.294737
178 2629.9473 9 38.547367
179 2002.7684 1 35.178947
180 2053.8105 5 41.85263
181 2905.663 9 35.936844
182 2567.7683 6 37.43158
183 2867.4841 13 42.410526
184 2590.0 11 44.36842
185 2527.1895 6 41.63158
186 2526.5684 5 36.08421
187 2809.4421 10 42.463158
188 2807.7578 10 41.2
189 2923.5894 8 37.905262
190 2670.0947 12 40.010525
191 2648.1685 8 39.252632
192 2563.1685 8 37.031578
193 2765.6316 8 37.31579
194 2732.3264 3 36.831577
195 2733.1475 8 42.2
196 2347.7683 2 31.71579
197 2804.2422 5 36.56842
198 2447.8948 4 41.273685
199 2934.863 6 41.242104
200 2790.6316 11 42.105263
201 2488.2842 9 47.473682
202 2379.7578 5 37.34737
203 2569.5264 6 38.178947
204 2395.021 11 44.105263
205 2119.0842 4 36.91579
206 3143.5369 15 43.210526
207 2210.0632 15 43.936844
208 2391.6843 6 38.042107
209 2218.137 3 31.978947
210 2041.3158 4 32.063156
211 2081.0 3 35.526318
212 2408.158 8 38.242104
213 2071.7473 3 34.642105
214 2170.7053 5 36.305264
215 2085.3894 5 38.610527
216 2572.1685 7 36.936844
217 2349.0842 6 37.31579
218 2211.5369 4 36.305264
219 2211.6526 4 33.76842
220 1902.2 8 42.2
221 1890.7263 3 36.778946
222 2081.4106 2 36.557896
223 2380.379 5 38.28421
224 1963.8105 4 35.821053
225 2457.5789 4 34.263157
226 2288.3684 10 36.810528
227 2499.863 5 35.463158
228 2008.1895 5 36.71579
229 2504.0842 5 34.726315
230 1542.3789 2 34.842106
231 2309.7368 3 38.242104
232 2494.6948 3 32.926315
233 2372.5474 7 37.210526
234 2699.0632 5 37.705265
235 2445.779 5 37.642105
236 1966.2 2 33.23158
237 2419.3474 7 47.252632
238 2147.1475 5 35.105263
239 2304.2 6 42.23158
240 2424.158 9 36.736843
241 2302.6948 7 34.557896
242 2364.042 11 46.36842
243 1573.8 3 36.757896
244 1804.0526 4 34.389473
245 1739.3684 3 33.6
246 2098.863 8 37.43158
247 2360.4106 5 37.705265
248 2262.7053 3 36.305264
249 2499.7473 5 37.547367
250 2561.0947 8 39.831577
251 2893.6316 10 40.42105
252 2804.3894 11 45.37895
253 2836.137 6 45.242104
254 2691.1685 12 48.294735
255 2838.5789 6 40.494736
256 3450.5369 8 41.936844
257 3058.5369 8 38.610527
258 2995.7263 8 41.547367
259 2934.4106 14 45.242104
260 2490.2 5 42.831577
261 2925.2 14 41.968422
262 3433.2842 11 43.589474
263 2960.7158 5 38.11579
264 3000.0842 9 42.65263
265 3242.4736 14 41.31579
266 3290.8105 5 39.842106
267 2763.2317 5 43.0
268 2925.5264 8 41.757896
269 2987.4736 10 42.8
270 2005.0526 3 34.789474
271 3078.2632 15 45.926315
272 2810.2317 9 40.010525
273 3000.979 8 37.4
274 2584.5684 6 39.642105
275 2963.3684 7 40.14737
276 3251.4316 13 49.547367
277 2739.0527 10 42.08421
278 3110.3157 13 46.2
279 3199.8843 14 46.13684
280 3219.5369 10 43.94737
281 2747.358 13 47.757896
282 3109.5369 14 48.610527
283 2918.6106 15 42.65263
284 2727.3894 10 41.157894
285 2674.6 7 41.494736
286 2791.2 16 50.05263
287 2264.5474 9 43.34737
288 2213.4841 7 49.968422
289 2064.5474 6 45.389473
290 3025.2104 18 52.073685
291 2847.5789 12 41.62105
292 2717.0947 11 49.989475
293 2992.6948 13 44.968422
294 2565.8 10 42.63158
295 2418.9053 9 39.968422
296 2543.7263 10 43.157894
297 2722.2527 16 47.021053
298 2515.8948 17 49.189472
299 2897.6316 12 44.957893
300 2715.9473 14 56.989475
301 2472.042 9 45.85263
302 2463.1685 14 47.694736
303 2884.2632 18 47.36842
304 2936.842 18 54.294735
305 2858.979 10 46.37895
306 3053.7263 14 47.042107
307 2511.5579 12 49.242104
308 2819.1685 15 47.51579
309 3029.2842 14 50.010525
310 3378.7368 13 44.547367
311 2734.6948 13 53.842106
312 2623.021 8 48.43158
313 2623.2527 12 44.442104
314 3445.3157 20 50.736843
315 3012.7263 14 42.010525
316 2761.0105 8 40.62105
317 3190.379 8 46.105263
318 2547.4946 6 40.021053
319 2516.358 7 39.294735
320 3059.0527 7 40.536842
321 3326.4316 10 42.294735
322 3158.021 5 37.105263
323 3525.821 9 44.8
324 3179.8738 13 43.821053
325 3093.7896 8 45.37895
326 3184.3684 11 41.694736
327 2809.379 12 41.694736
328 2920.9895 9 38.94737
329 3201.4946 7 43.42105
330 3343.3684 14 46.28421
331 2805.8948 10 45.71579
332 2731.0315 8 38.305264
333 3468.6948 12 44.43158
334 2850.5684 9 39.610527
335 3096.4316 11 39.894737
336 3034.8525 6 42.05263
337 3086.137 12 42.8
338 3317.5474 10 41.51579
339 3303.2317 11 42.526318
340 3102.6948 8 40.747368
341 2613.379 10 44.031578
342 2962.021 10 40.642105
343 2808.7578 13 42.494736
344 2787.042 6 42.88421
345 2853.4526 7 40.410526
346 3054.0 14 44.91579
347 3227.4316 9 40.968422
348 3113.2422 11 42.989475
349 3692.821 9 44.189472
350 3538.9053 12 46.821053
351 3493.5579 13 42.021053
352 3072.2842 14 44.305264
353 3378.4316 12 46.526318
354 3510.1157 14 48.694736
355 2945.9685 8 47.43158
356 3123.7896 15 52.926315
357 3402.4316 13 41.68421
358 2882.6843 12 49.042107
359 2871.6316 19 52.2
360 2803.8105 13 44.48421
361 3128.863 12 48.34737
362 3188.3157 14 45.189472
363 3068.6843 14 46.66316
364 2985.9368 17 50.05263
365 3098.3052 21 54.157894
366 2441.9368 12 49.073685
367 3083.3684 17 54.810528
368 2306.6736 17 54.31579
369 2863.9473 17 52.757896
370 2537.4211 16 49.13684
371 2851.7158 13 47.43158
372 3048.663 13 54.494736
373 2998.7578 17 52.031578
374 2795.842 20 55.094738
375 3014.8105 14 47.536842
376 2812.5579 18 53.42105
377 2468.137 10 43.042107
378 2836.6 12 51.05263
379 2118.4106 13 53.37895
380 2827.7473 11 50.031578
381 2376.0632 6 44.905262
382 2736.1052 13 45.410526
383 3231.7896 14 46.463158
384 3244.9895 17 53.505264
385 2931.8948 11 48.6
386 2688.8948 15 48.8
387 3168.3684 12 47.936844
388 2906.5684 13 41.157894
389 3087.7263 17 45.37895
390 3059.6106 19 45.673683
391 2632.1157 9 46.221054
392 3243.642 14 49.88421
393 3313.2737 11 48.242104
394 3321.5054 14 45.76842
395 3239.2737 12 50.2
396 2631.7578 6 41.978947
397 3188.2632 9 44.905262
398 1950.9263 8 44.978947
399 2821.663 7 46.66316
400 2812.2632 12 40.105263
401 3344.5579 13 46.242104
402 3242.221 11 42.85263
403 3346.3684 17 50.56842
404 3469.7578 14 45.62105
405 2912.4316 11 47.168423
406 3373.863 12 44.936844
407 3348.2632 10 43.831577
408 3491.379 12 45.51579
409 2806.9158 10 44.71579
410 2530.9685 6 43.736843
411 3425.1157 13 45.88421
412 2998.2422 6 38.873684
413 3373.0527 7 39.926315
414 3181.1262 11 48.85263
415 2842.8843 8 38.33684
416 2906.5684 8 35.62105
417 3136.4 9 38.94737
418 2942.2737 9 43.273685
419 2534.4526 5 39.252632
420 3263.2737 9 42.831577
421 2644.9158 9 46.14737
422 2596.8315 10 44.810528
423 3228.0842 10 45.526318
424 2303.779 6 44.76842
425 2635.663 5 38.389473
426 2728.9053 9 42.389473
427 3139.979 13 49.547367
428 2919.179 9 39.042107
429 2847.4631 10 41.494736
430 3228.0842 15 43.8
431 3036.6106 9 40.494736
432 2394.7263 7 41.37895
433 3041.021 13 50.36842
434 3178.5579 10 44.105263
435 3103.1262 10 43.494736
436 2795.337 15 44.42105
437 2843.4526 11 43.63158
438 2430.158 13 46.91579
439 2680.1157 10 49.168423
440 2929.4211 11 48.65263
441 2723.3684 12 40.926315
442 2657.0632 9 43.178947
443 2570.6843 13 50.505264
444 1972.7053 5 42.14737
445 3049.3264 11 43.126316
446 2026.4736 11 46.442104
447 2667.821 14 48.43158
448 3583.0737 15 49.410526
449 2854.0842 7 46.189472
450 2268.8315 6 41.11579
451 3487.4421 12 43.168423
452 2652.0105 10 46.410526
453 3203.042 11 43.31579
454 3216.0842 12 44.178947
455 3044.979 8 44.05263
456 2713.7368 11 54.126316
457 2735.9473 14 44.957893
458 2850.2422 14 43.810528
459 3028.7263 10 47.831577
460 2433.863 8 41.873684
461 2577.2 9 43.705265
462 3347.8315 11 45.294735
463 3043.4631 8 44.831577
464 2618.3894 10 42.557896
465 3050.0315 9 44.010525
466 1850.3368 6 47.4
467 2329.9895 8 41.810528
468 2573.7683 9 41.936844
469 2499.8105 11 43.76842
470 2335.2842 8 42.989475
471 2814.621 9 40.842106
472 2667.1262 13 47.62105
473 2515.2422 11 47.021053
474 2648.3684 12 42.326317
475 2905.0632 10 43.778946
476 2400.979 10 44.589474
477 2436.221 11 46.736843
478 2853.021 15 49.57895
479 2316.5789 7 44.810528
480 2649.3264 15 49.589474
481 2106.8105 9 44.326317
482 2695.663 15 50.6
483 2317.6316 12 49.56842
484 2647.042 11 45.821053
485 2410.379 14 52.063156
486 2478.379 14 47.610527
487 2547.2842 14 46.505264
488 1817.9053 8 42.34737
489 2512.6106 16 49.63158
490 2513.6526 13 48.252632
491 2565.8948 12 44.673683
492 2379.1895 8 42.326317
493 2097.5054 6 38.36842
494 2557.9685 9 42.031578
495 2164.3894 8 41.042107
496 1877.6421 8 43.65263
497 2322.337 7 37.021053
498 1903.021 9 46.91579
499 1628.7579 3 38.589474
500 2159.221 8 44.71579
501 1668.8527 5 37.294735
502 2158.179 5 39.31579
503 1918.4526 9 43.968422
504 2197.3052 9 41.452633
505 2114.6736 9 37.547367
506 2167.3157 7 40.031578
507 2055.8 6 39.789474
508 1768.2842 4 41.178947
509 2350.2947 7 40.88421
510 1989.1263 1 33.673683
511 1705.6842 7 39.252632
512 2374.1895 9 43.94737
513 1904.021 3 36.37895
514 2077.7368 8 40.36842
515 2569.0315 7 45.263157
516 2146.4631 8 41.926315
517 1770.3684 6 35.831577
518 2151.1157 7 43.957893
519 2326.0947 4 41.726315
520 1425.1895 7 45.505264
521 2335.3264 7 43.36842
522 1610.7473 6 40.76842
523 1645.9369 5 38.86316
524 1590.3053 6 35.71579
525 1820.8422 8 41.642105
526 1909.3895 6 39.810528
527 2271.821 5 40.957893
528 2058.5579 7 44.37895
529 2212.0947 9 46.62105
530 2275.8315 8 44.526318
531 2323.821 7 40.536842
532 2231.221 11 42.968422
533 2225.0737 7 40.536842
534 2326.0632 9 44.273685
535 1863.0737 7 40.37895
536 2208.3264 9 48.0
537 2139.4841 4 45.326317
538 2751.6736 15 42.28421
539 2612.221 10 45.557896
540 2660.7578 10 47.178947
541 2679.979 11 46.063156
542 2616.5264 8 42.705265
543 2574.7473 8 40.989475
544 2839.9368 13 48.957893
545 2941.3474 16 44.65263
546 2744.6736 7 47.694736
547 2571.663 6 41.43158
548 2557.4526 8 41.28421
549 2909.1475 11 42.389473
550 2729.8948 12 44.642105
551 2068.1262 7 43.473682
552 2613.8105 11 47.42105
553 2716.2632 12 44.105263
554 3109.8315 13 41.76842
555 2783.9685 10 46.66316
556 3137.3264 9 47.43158
557 2977.158 9 39.34737
558 3408.6526 10 44.389473
559 3224.021 11 38.989475
560 2286.821 5 45.6
561 2793.7053 11 42.936844
562 3162.137 12 45.021053
563 2557.6736 9 45.326317
564 3093.5894 13 42.031578
565 3002.0315 9 39.989475
566 2827.7368 9 43.726315
567 2884.0527 9 42.736843
568 2133.842 6 43.389473
569 2840.042 10 41.62105
570 2573.158 8 40.36842
571 2728.663 8 40.28421
572 2459.642 9 39.673683
573 2654.5684 8 44.726315
574 2898.4946 11 44.126316
575 3229.8948 12 46.28421
576 3153.7578 11 41.389473
577 3233.6736 8 42.242104
578 2811.7896 4 35.31579
579 3641.863 12 44.326317
580 2643.3052 7 40.557896
581 3184.863 8 39.473682
582 2941.7896 8 40.305264
583 3082.1685 11 41.57895
584 2987.863 7 36.673683
585 3213.7263 9 48.673683
586 3578.5789 13 39.021053
587 3424.5369 11 47.010525
588 3376.2947 13 46.189472
589 2835.0 12 39.33684
590 2870.7368 10 41.063156
591 2346.2737 3 38.821053
592 2223.8105 2 36.042107
593 2506.842 10 37.86316
594 2586.779 5 40.547367
595 2749.958 11 46.157894
596 3242.5054 8 38.410526
597 2875.5684 12 46.831577
598 2910.7896 11 46.010525
599 2374.9685 8 39.494736
600 2952.8525 12 45.747368
601 2705.0632 9 44.31579
602 2687.337 9 44.526318
603 3079.0632 10 40.442104
604 2131.779 6 43.894737
605 3169.0105 9 39.978947
606 3375.2947 14 45.505264
607 3684.4631 7 38.505264
608 3043.3474 10 38.28421
609 2869.8948 7 35.33684
610 3838.2527 12 43.23158
611 3011.663 7 38.357895
612 2954.3264 8 41.33684
613 3139.863 10 44.905262
614 3135.9053 8 39.263157
615 3168.9158 9 38.86316
616 2858.1157 9 36.589474
617 3009.9685 7 44.673683
618 2957.5264 15 45.56842
619 2923.2104 9 40.33684
620 2906.9053 9 38.68421
621 2799.4841 6 39.073685
622 3526.9895 12 41.905262
623 2803.4841 7 34.747368
624 3235.3894 11 44.263157
625 2688.1052 12 42.894737
626 2922.179 8 39.57895
627 2946.6316 9 41.13684
628 2939.642 8 41.926315
629 2783.6316 6 41.842106
630 3086.3474 14 47.42105
631 2268.3474 10 44.073685
632 3221.0 10 45.789474
633 3680.7263 15 46.252632
634 2864.0737 10 41.957893
635 2983.863 16 48.873684
636 2842.7368 7 41.410526
637 3020.0947 12 47.85263
638 3498.9158 14 44.66316
639 2846.8843 6 49.263157
640 3519.3052 14 46.23158
641 3411.7683 17 52.263157
642 3337.7578 14 49.08421
643 2835.6 8 44.642105
644 3012.2842 16 52.410526
645 3414.8525 18 52.28421
646 3149.5579 7 42.178947
647 3108.5054 14 49.66316
648 2584.5894 5 37.442104
649 3552.137 14 49.0
650 3096.8105 14 49.073685
651 3739.3052 15 47.736843
652 3740.2 21 52.62105
653 3405.1157 17 49.821053
654 3708.0 11 48.62105
655 3492.2842 18 52.66316
656 3917.863 17 49.410526
657 4027.958 15 46.789474
658 2851.3474 13 48.68421
659 3478.3157 16 45.37895
660 3872.7053 17 48.936844
661 3889.779 14 51.968422
662 3089.0527 12 47.43158
663 4011.137 25 50.989475
664 3445.4 15 48.14737
665 3391.0947 15 54.6
666 3144.1157 24 57.62105
667 3788.8738 16 52.14737
668 3451.2317 15 53.757896
669 2788.4736 13 49.66316
670 3548.9053 16 51.526318
671 3485.3894 16 54.85263
672 3902.8843 16 52.263157
673 3130.1052 19 50.57895
674 3922.6843 21 58.494736
675 3781.8843 17 56.36842
676 3362.4946 15 50.11579
677 2943.158 14 51.37895
678 3665.7368 19 53.557896
679 3640.2842 19 50.505264
680 3603.5264 21 57.126316
681 4216.2104 22 53.86316
682 3691.4316 19 59.85263
683 3769.9895 20 51.11579
684 3578.7158 20 55.463158
685 4106.2314 18 50.505264
686 3466.1157 15 51.91579
687 3534.5264 18 53.126316
688 3240.5474 14 51.021053
689 3464.2317 20 54.894737
690 2945.7473 14 52.463158
691 2923.358 12 50.94737
692 2904.2104 11 44.189472
693 3328.6106 18 57.63158
694 3090.1157 13 46.463158
695 3236.4526 11 47.873684
696 2954.5054 11 52.05263
697 3543.8525 17 52.178947
698 3480.1052 15 49.305264
699 3249.7473 18 53.694736
700 3907.5369 23 53.33684
701 3263.179 15 49.536842
702 3442.4841 15 47.94737
703 3653.4211 20 51.11579
704 3552.8948 16 49.821053
705 3469.7158 14 52.76842
706 3008.5054 13 43.42105
707 3217.7158 10 46.37895
708 3261.0527 9 43.073685
709 3403.5369 17 52.91579
710 2741.2737 11 46.8
711 3719.1685 15 43.242104
712 3801.4946 13 47.57895
713 3283.9895 13 46.242104
714 2932.4946 12 40.157894
715 3355.5054 17 47.168423
716 3344.4736 13 52.031578
717 3565.0 12 42.63158
718 3315.1895 16 46.526318
719 3326.1475 13 46.031578
720 2874.5894 11 47.221054
721 3314.9895 16 52.66316
722 2931.8315 11 46.326317
723 3267.5684 18 50.610527
724 2633.663 14 48.48421
725 3103.821 14 49.43158
726 3407.7263 19 51.126316
727 3138.621 14 48.978947
728 2908.6526 15 52.0
729 3052.4526 14 47.91579
730 3020.8948 16 50.56842
731 2899.4211 9 48.705265
732 3688.1052 24 58.51579
733 3458.2422 20 53.14737
734 3571.4526 16 54.71579
735 2838.2 14 47.694736
736 3720.863 19 52.34737
737 2822.8525 18 53.642105
738 3149.337 17 49.778946
739 2880.5264 17 49.28421
740 3149.863 13 52.126316
741 2965.663 10 47.610527
742 3702.6 22 51.66316
743 3238.8 16 55.189472
744 3321.2 20 54.91579
745 3039.8 15 53.48421
746 3098.7263 19 53.936844
747 3047.4421 20 54.65263
748 3493.2317 22 55.610527
749 3105.3052 20 54.536842
750 3527.6526 23 55.842106
751 3608.8738 16 48.905262
752 3081.0947 11 50.71579
753 3337.7896 15 54.810528
754 3681.2947 16 49.452633
755 3030.5789 16 48.14737
756 3468.6 12 50.957893
757 3772.042 15 46.010525
758 3137.1685 18 56.189472
759 3395.2422 14 45.589474
760 3377.2842 19 51.273685
761 3687.779 24 57.989475
762 3998.337 18 51.905262
763 3939.6526 16 48.894737
764 3761.5579 16 52.157894
765 3589.2947 17 48.357895
766 3506.7896 20 57.168423
767 3503.4526 14 53.073685
768 3161.7896 14 51.021053
769 3601.5264 26 56.273685
770 3157.4316 18 49.71579
771 3433.6106 24 51.48421
772 2822.0947 13 50.073685
773 3161.6316 16 50.326317
774 3230.3157 19 56.221054
775 3463.2422 14 50.526318
776 2750.7896 16 45.252632
777 3454.0527 16 50.31579
778 3411.642 17 53.31579
779 3290.0527 12 48.452633
780 3960.3894 18 47.021053
781 3595.8843 15 45.989475
782 3622.8843 13 47.88421
783 2880.9263 13 50.747368
784 3358.4736 15 50.34737
785 3595.5159 20 52.842106
786 3550.0105 17 52.42105
787 2817.358 16 53.063156
788 3370.2947 14 50.2
789 2760.1895 15 53.221054
790 2927.642 16 49.463158
791 3270.663 19 49.65263
792 3510.4946 18 53.789474
793 3525.137 18 53.705265
794 3310.5264 18 51.357895
795 3296.0737 18 53.526318
796 3375.021 14 48.34737
797 3016.0527 15 45.86316
798 3471.0105 15 54.263157
799 2912.2104 15 48.85263
800 3193.3894 11 46.6
801 2959.5684 14 48.94737
802 3111.7578 12 45.34737
803 2874.642 12 47.210526
804 2865.0737 12 48.221054
805 3090.5684 15 52.91579
806 3241.842 17 47.178947
807 3521.6526 16 46.673683
808 3431.179 12 44.71579
809 3910.7263 18 51.36842
810 3454.1685 7 43.0
811 3900.7053 19 52.021053
812 3417.021 12 43.357895
813 3298.337 13 46.56842
814 3726.9685 17 53.62105
815 3320.779 16 49.536842
816 3009.1157 9 44.34737
817 3164.958 15 44.71579
818 3448.0 20 51.547367
819 3180.4946 13 48.442104
820 2988.779 11 43.673683
821 3229.8 12 42.48421
822 3896.863 12 48.305264
823 2976.1052 13 45.694736
824 3435.1157 14 49.33684
825 3833.4106 20 51.526318
826 3729.863 17 50.905262
827 2605.5054 12 50.063156
828 3576.7473 17 51.705265
829 2797.2632 8 50.62105
830 3282.6948 15 41.536842
831 3701.9685 15 44.357895
